0.54,
0.06,
0.54,
0.06,
0.54,
0.06,
1.08,
0.12,
0.54,
0.06,
0.405,
0.045,
0.135,
0.015,
0.81,
0.09,
0.27,
0.03,
0.54,
0.06,
0.405,
0.045,
0.135,
0.015,
1.62,
0.18,
0.54,
0.06,
1.08,
0.12,
0.54,
0.06,
0.54,
0.06,
1.62,
0.18,
0.405,
0.045,
0.135,
0.015,
0.81,
0.09,
0.27,
0.03,
0.54,
0.06,
0.405,
0.045,
0.135,
0.015,
1.62,
0.18,
0.405,
0.045,
0.135,
0.015,
0.81,
0.09,
0.27,
0.03,
0.54,
0.06,
0.405,
0.045,
0.135,
0.015,
1.74,
0.06,
0.54,
0.06,
1.08,
0.12,
1.08,
0.12,
1.62,
0.18,
0.405,
0.045,
0.135,
0.015,
0.81,
0.09,
0.27,
0.03,
0.54,
0.06,
0.54,
0.06,
1.62,
0.18,
0.405,
0.045,
0.135,
0.015,
0.81,
0.09,
0.27,
0.03,
0.81,
0.09,
0.27,
0.03,
1.62,
0.18,
0.54,
0.06,
1.08,
0.12,
0.81,
0.09,
0.27,
0.03,
1.62,
0.18,
0.405,
0.045,
0.135,
0.015,
0.27,
0.03,
0.27,
0.03,
0.27,
0.03,
0.27,
0.03,
0.54,
0.06,
0.405,
0.045,
0.135,
0.015,
0.27,
0.03,
0.27,
0.03,
0.27,
0.03,
0.27,
0.03,
1.08,
0.12,
0.54,
0.06,
0.54,
0.06,
0.54,
0.06,
0.405,
0.045,
0.135,
0.015,
1.08,
0.12,
0.54,
0.06,
0.405,
0.045,
0.135,
0.015,
0.54,
0.06,
0.405,
0.045,
0.135,
0.015,
0.27,
0.03,
0.27,
0.03,
0.27,
0.03,
0.27,
0.03,
1.62,
0.18,
0.405,
0.045,
0.135,
0.015,
1.08,
0.12,
0.54,
0.06,
0.54,
0.06,
1.08,
0.12,
0.81,
0.09,
0.27,
0.03,
0.54,
0.06,
0.54,
0.06,
0.54,
0.06,
0.54,
0.06,
1.47,
