74,
70,
79,
77,
75,
70,
72,
74,
74,
70,
75,
72,
70,
72,
77,
75,
74,
74,
70,
79,
77,
75,
70,
72,
74,
74,
70,
75,
72,
70,
72,
77,
75,
74,
74,
70,
74,
79,
77,
75,
70,
72,
74,
74,
70,
75,
74,
72,
70,
72,
77,
75,
74,
74,
70,
74,
79,
77,
75,
70,
72,
74,
74,
70,
75,
74,
72,
70,
72,
77,
75,
74,
74,
70,
74,
79,
77,
75,
70,
72,
74,
74,
70,
75,
74,
72,
70,
72,
77,
75,
74,
74,
70,
74,
79,
77,
75,
70,
72,
74,
74,
70,
75,
74,
72,
70,
72,
77,
75,
74,
74,
70,
74,
74,
79,
79,
77,
77,
75,
75,
74,
70,
72,
74,
74,
70,
75,
75,
74,
72,
72,
70,
70,
72,
77,
75,
74,
74,
70,
74,
74,
79,
79,
77,
77,
75,
75,
74,
70,
72,
74,
74,
70,
75,
75,
74,
72,
72,
70,
70,
72,
77,
75,
74,
74,
70,
74,
74,
79,
79,
77,
77,
75,
75,
74,
70,
72,
74,
74,
70,
75,
75,
74,
72,
72,
70,
70,
72,
77,
75,
74,
74,
70,
74,
74,
79,
79,
77,
77,
75,
75,
74,
70,
72,
74,
74,
70,
75,
75,
74,
72,
72,
70,
70,
72,
77,
75,
74,
74,
70,
72,
74,
70,
74,
72,
70,
72,
70,
72,
75,
74,
70,
72,
70,
72,
75,
84,
82,
74,
77,
75,
74,
74,
70,
72,
74,
70,
74,
72,
70,
72,
70,
72,
75,
74,
70,
72,
70,
72,
75,
84,
82,
74,
77,
77,
77,
77,
75,
74,
82,
82,
82,
82,
82,
