0.3307,
0.0182,
0.3307,
0.0182,
0.3307,
0.0182,
0.3307,
0.0182,
0.1737,
0.0007,
0.3307,
0.0182,
0.3307,
0.0182,
0.3481,
0.0007,
0.1737,
0.0007,
0.3307,
0.0182,
0.3307,
0.0182,
0.3307,
0.0182,
0.165,
0.0094,
0.165,
0.0094,
0.1737,
0.0007,
0.3307,
0.0182,
0.3307,
0.0182,
0.1737,
0.0007,
0.1737,
0.0007,
0.1737,
0.0007,
0.3307,
0.0182,
0.3307,
0.0182,
0.3307,
0.0182,
0.3307,
0.0182,
0.1737,
0.0007,
0.3307,
0.0182,
0.3307,
0.0182,
0.3481,
0.0007,
0.1737,
0.0007,
0.3307,
0.0182,
0.3307,
0.0182,
0.3307,
0.0182,
0.165,
0.0094,
0.165,
0.0094,
0.1737,
0.0007,
0.3307,
0.0182,
0.3481,
0.0007,
0.1737,
0.0007,
0.1737,
0.0007,
0.165,
0.0094,
0.3307,
0.0182,
0.3307,
0.0182,
0.3307,
0.0182,
0.3307,
0.0182,
0.1737,
0.0007,
0.3307,
0.0182,
0.3307,
0.0182,
0.3481,
0.0007,
0.1737,
0.0007,
0.3307,
0.0182,
0.3307,
0.0182,
0.3307,
0.0182,
0.165,
0.0094,
0.165,
0.0094,
0.1737,
0.0007,
0.3307,
0.0182,
0.3307,
0.0182,
0.1737,
0.0007,
0.1737,
0.0007,
0.1737,
0.0007,
0.3307,
0.0182,
0.3307,
0.0182,
0.3307,
0.0182,
0.3307,
0.0182,
0.1737,
0.0007,
0.3307,
0.0182,
0.3307,
0.0182,
0.3481,
0.0007,
0.1737,
0.0007,
0.3307,
0.0182,
0.3307,
0.0182,
0.3307,
0.0182,
0.165,
0.0094,
0.165,
0.0094,
0.1737,
0.0007,
0.3307,
0.0182,
0.3481,
0.0007,
0.1737,
0.0007,
0.1737,
0.0007,
0.165,
1.4048,
0.3481,
0.0007,
0.3481,
0.0007,
0.3481,
0.0007,
0.3481,
0.0007,
0.5225,
0.0007,
0.5225,
0.0007,
0.3481,
0.0007,
0.3481,
0.0007,
0.3481,
0.0007,
0.3481,
0.0007,
0.3481,
0.0007,
0.5225,
0.0007,
0.5225,
0.0007,
0.1737,
0.0007,
0.1737,
0.0007,
0.3481,
0.0007,
0.3481,
0.0007,
0.3481,
0.0007,
0.3481,
0.0007,
0.5225,
0.0007,
0.5225,
0.0007,
0.3481,
0.0007,
0.3481,
0.0007,
0.3481,
0.0007,
0.3481,
0.0007,
0.3481,
0.0007,
0.5225,
0.0007,
0.5225,
0.0007,
0.1737,
0.0007,
0.1737,
0.0007,
0.3481,
0.0007,
0.3481,
0.0007,
0.3481,
0.0007,
0.3481,
0.0007,
0.5225,
0.0007,
0.5225,
0.0007,
0.3481,
0.0007,
0.3481,
0.0007,
0.3481,
0.0007,
0.3481,
0.0007,
0.3481,
0.0007,
0.5225,
0.0007,
0.5225,
0.0007,
0.1737,
0.0007,
0.1737,
0.0007,
0.3481,
0.0007,
0.3481,
0.0007,
0.3481,
0.0007,
0.3481,
0.0007,
0.5225,
0.0007,
0.5225,
0.0007,
0.3481,
0.0007,
0.3481,
0.0007,
0.3481,
0.0007,
0.3481,
0.0007,
0.3481,
0.0007,
0.2609,
0.2624,
0.5225,
0.0007,
0.3307,
0.0182,
0.3307,
0.0182,
0.3307,
0.0182,
0.3307,
0.0182,
0.165,
0.0094,
0.165,
0.0094,
0.165,
0.0094,
0.3307,
0.0182,
0.3307,
0.0182,
0.165,
0.0094,
0.165,
0.0094,
0.165,
0.0094,
0.3307,
0.0182,
0.3307,
0.0182,
0.3307,
0.0182,
0.165,
0.0094,
0.165,
0.0094,
0.165,
0.0094,
0.3307,
0.0182,
0.3307,
0.0182,
0.165,
0.0094,
0.165,
0.0094,
0.165,
0.0094,
0.3307,
0.0182,
0.3307,
0.0182,
0.3307,
0.0182,
0.165,
0.0094,
0.165,
0.0094,
0.165,
0.0094,
0.3307,
0.0182,
0.3307,
0.0182,
0.165,
0.0094,
0.165,
0.0094,
0.165,
0.0094,
0.3307,
0.0182,
0.3307,
0.0182,
0.3307,
0.0182,
0.165,
0.0094,
0.165,
0.0094,
0.165,
0.0094,
0.3307,
0.0182,
0.3307,
0.0182,
0.165,
0.0094,
0.165,
0.0094,
0.165,
0.0094,
0.3307,
0.0182,
0.3307,
0.0182,
0.3307,
0.0182,
0.165,
0.0094,
0.165,
0.0094,
0.165,
0.0094,
0.3307,
0.0182,
0.3307,
0.0182,
0.165,
0.0094,
0.165,
0.0094,
0.165,
0.0094,
0.3307,
0.0182,
0.3307,
0.0182,
0.3307,
0.0182,
0.165,
0.0094,
0.165,
0.0094,
0.165,
0.0094,
0.3307,
0.0182,
0.3307,
0.0182,
0.165,
0.0094,
0.165,
0.0094,
0.165,
0.0094,
0.3307,
0.0182,
0.3307,
0.0182,
0.3307,
0.0182,
0.165,
0.0094,
0.165,
0.0094,
0.165,
0.0094,
0.3307,
0.0182,
0.3307,
0.0182,
0.165,
0.0094,
0.165,
0.0094,
0.165,
0.0094,
0.3307,
0.0182,
0.3307,
0.0182,
0.3307,
0.0182,
0.165,
0.0094,
0.165,
0.0094,
0.165,
0.0094,
0.3307,
0.0182,
0.3307,
0.0182,
0.165,
0.0094,
0.165,
0.0094,
0.165,
0.0094,
0.3307,
0.0182,
0.1737,
0.0007,
0.1737,
0.0007,
0.3307,
0.0182,
0.3307,
0.0182,
0.1737,
0.1751,
0.165,
0.0094,
0.3307,
0.0182,
0.3481,
0.0007,
0.1737,
0.0007,
0.3307,
0.0182,
0.1737,
0.0007,
0.1737,
0.0007,
0.3307,
0.0182,
0.3307,
0.0182,
0.1737,
0.0007,
0.3307,
0.0182,
0.3307,
0.0182,
0.1737,
0.0007,
0.165,
0.0094,
0.165,
0.0094,
0.3307,
0.0182,
0.1737,
0.0007,
0.1737,
0.0007,
0.3307,
0.0182,
0.3307,
0.0182,
0.1737,
0.1751,
0.165,
0.0094,
0.3307,
0.0182,
0.3481,
0.0007,
0.1737,
0.0007,
0.3307,
0.0182,
0.1737,
0.0007,
0.1737,
0.0007,
0.3307,
0.0182,
0.3307,
0.0182,
0.1737,
0.0007,
0.3307,
0.0182,
0.3307,
0.0182,
0.1737,
0.0007,
0.1737,
0.0007,
0.1737,
0.0007,
1.3249,
