64,
64,
67,
67,
67,
62,
62,
60,
59,
60,
60,
64,
64,
64,
64,
62,
62,
60,
67,
66,
64,
64,
67,
67,
67,
62,
62,
60,
59,
60,
60,
64,
64,
64,
64,
62,
62,
69,
67,
66,
64,
64,
67,
67,
67,
62,
62,
60,
59,
60,
60,
64,
64,
64,
64,
62,
62,
60,
67,
66,
64,
64,
67,
67,
67,
62,
62,
60,
59,
60,
60,
64,
64,
64,
64,
62,
62,
69,
67,
66,
64,
64,
64,
67,
62,
62,
69,
60,
60,
60,
60,
62,
62,
67,
66,
64,
64,
64,
67,
62,
62,
69,
60,
60,
60,
60,
62,
62,
67,
66,
64,
64,
64,
67,
62,
62,
69,
60,
60,
60,
60,
62,
62,
67,
66,
64,
64,
64,
67,
62,
62,
69,
60,
60,
60,
60,
62,
74,
67,
71,
71,
71,
71,
71,
71,
69,
69,
66,
67,
66,
64,
64,
64,
64,
64,
64,
62,
62,
69,
67,
66,
71,
71,
71,
71,
71,
71,
69,
69,
66,
67,
66,
64,
64,
64,
64,
64,
64,
62,
62,
69,
67,
66,
71,
71,
71,
71,
71,
71,
69,
69,
66,
67,
66,
64,
64,
64,
64,
64,
64,
62,
62,
69,
67,
66,
71,
71,
71,
71,
71,
71,
69,
69,
66,
67,
66,
64,
64,
64,
64,
64,
64,
62,
62,
69,
67,
66,
76,
76,
78,
79,
79,
79,
74,
74,
72,
71,
72,
72,
74,
76,
76,
76,
74,
74,
72,
79,
79,
76,
76,
78,
79,
79,
79,
74,
74,
72,
71,
72,
72,
74,
76,
76,
76,
74,
74,
81,
79,
78,
76,
