76,
79,
76,
76,
76,
76,
71,
74,
84,
81,
88,
83,
79,
76,
76,
76,
76,
71,
86,
84,
81,
76,
79,
76,
76,
76,
76,
71,
74,
84,
81,
76,
79,
76,
76,
76,
76,
76,
84,
83,
78,
76,
79,
76,
76,
76,
76,
71,
74,
84,
81,
76,
79,
76,
76,
76,
76,
76,
84,
83,
78,
76,
79,
76,
76,
76,
76,
71,
74,
84,
81,
76,
79,
76,
76,
76,
76,
76,
84,
83,
78,
76,
79,
76,
76,
76,
76,
76,
84,
81,
84,
76,
79,
76,
76,
76,
76,
71,
74,
84,
81,
83,
79,
76,
76,
76,
76,
71,
74,
84,
81,
76,
79,
76,
76,
76,
76,
71,
74,
84,
81,
76,
79,
76,
76,
84,
83,
88,
86,
91,
90,
76,
79,
76,
76,
76,
76,
71,
74,
84,
81,
83,
79,
76,
76,
76,
76,
71,
74,
84,
81,
76,
79,
76,
76,
76,
76,
71,
74,
84,
81,
76,
79,
76,
76,
84,
83,
88,
86,
91,
90,
83,
83,
83,
83,
83,
83,
83,
83,
83,
83,
83,
83,
83,
83,
83,
83,
86,
86,
86,
86,
83,
83,
83,
83,
83,
83,
83,
83,
83,
83,
83,
79,
76,
76,
76,
76,
71,
74,
84,
81,
83,
83,
83,
83,
83,
83,
83,
83,
83,
83,
83,
83,
83,
83,
83,
83,
86,
86,
86,
86,
83,
83,
83,
83,
83,
83,
83,
83,
83,
83,
76,
79,
76,
76,
84,
83,
88,
86,
91,
90,
76,
76,
76,
76,
76,
71,
74,
84,
81,
79,
76,
74,
76,
76,
86,
79,
74,
84,
81,
79,
72,
76,
76,
76,
76,
76,
72,
74,
84,
81,
79,
76,
84,
76,
83,
74,
84,
81,
81,
83,
76,
76,
76,
76,
86,
74,
84,
81,
79,
84,
86,
88,
86,
84,
79,
74,
84,
81,
79,
72,
76,
76,
76,
76,
76,
72,
74,
84,
81,
79,
79,
79,
79,
79,
79,
76,
83,
74,
84,
81,
76,
79,
76,
76,
76,
76,
71,
74,
84,
81,
79,
76,
79,
76,
76,
86,
79,
74,
84,
81,
79,
72,
76,
76,
76,
76,
76,
72,
74,
84,
81,
79,
76,
84,
76,
83,
74,
84,
81,
81,
83,
76,
76,
76,
76,
86,
74,
84,
81,
79,
84,
86,
88,
86,
84,
79,
74,
84,
81,
79,
72,
76,
76,
76,
76,
76,
72,
74,
84,
81,
79,
79,
79,
79,
79,
79,
76,
83,
74,
84,
81,
74,
84,
81,
