65,
77,
75,
72,
68,
67,
63,
65,
75,
72,
60,
63,
67,
65,
75,
77,
72,
67,
68,
70,
75,
77,
72,
77,
68,
67,
65,
77,
75,
72,
68,
67,
63,
65,
75,
72,
60,
63,
67,
65,
75,
77,
72,
67,
68,
70,
75,
77,
72,
77,
68,
67,
65,
77,
75,
72,
68,
67,
63,
65,
75,
72,
60,
63,
67,
65,
75,
77,
72,
67,
68,
70,
75,
77,
72,
77,
68,
67,
65,
77,
75,
72,
68,
67,
63,
65,
75,
72,
60,
63,
67,
65,
75,
77,
72,
67,
68,
70,
75,
77,
72,
77,
68,
67,
65,
65,
77,
75,
72,
68,
67,
63,
65,
75,
72,
65,
75,
77,
72,
75,
77,
72,
65,
77,
75,
72,
68,
67,
63,
65,
75,
72,
65,
75,
77,
72,
75,
77,
72,
53,
63,
55,
53,
51,
53,
60,
48,
51,
55,
53,
48,
51,
55,
56,
58,
53,
60,
65,
56,
55,
53,
63,
55,
53,
51,
53,
60,
48,
51,
55,
53,
48,
51,
55,
56,
58,
53,
60,
65,
56,
55,
65,
77,
75,
72,
68,
67,
63,
65,
75,
72,
65,
75,
77,
72,
75,
77,
72,
65,
77,
75,
72,
68,
67,
63,
65,
75,
72,
65,
75,
77,
72,
75,
77,
72,
65,
