0.1991,
0.0009,
0.206,
0.0009,
0.206,
0.0009,
0.206,
0.2078,
0.206,
0.0009,
0.206,
0.0009,
0.206,
0.0009,
0.206,
0.1043,
0.206,
0.1043,
0.206,
0.2078,
0.206,
0.0009,
0.206,
0.0009,
0.206,
0.0009,
0.206,
0.0009,
0.206,
0.0009,
0.206,
0.0009,
0.206,
0.2078,
0.206,
0.0009,
0.206,
0.0009,
0.206,
0.0009,
0.206,
0.1043,
0.206,
0.1043,
0.206,
0.2078,
0.206,
0.0009,
0.206,
0.0009,
0.206,
0.0009,
0.206,
0.0009,
0.206,
0.0009,
0.206,
0.0009,
0.206,
0.2078,
0.206,
0.0009,
0.206,
0.0009,
0.206,
0.0009,
0.206,
0.1043,
0.206,
0.1043,
0.206,
0.2078,
0.206,
0.0009,
0.206,
0.0009,
0.206,
0.0009,
0.206,
0.0009,
0.206,
0.0009,
0.206,
0.0009,
0.206,
0.2078,
0.206,
0.0009,
0.206,
0.0009,
0.206,
0.0009,
0.206,
0.1043,
0.206,
0.1043,
0.206,
0.2078,
0.206,
0.0009,
0.206,
0.0009,
0.206,
0.0009,
0.206,
0.0009,
0.206,
0.0009,
0.206,
0.0009,
0.206,
0.2078,
0.206,
0.0009,
0.206,
0.0009,
0.206,
0.0009,
0.206,
0.1043,
0.206,
0.1043,
0.206,
0.2078,
0.206,
0.0009,
0.206,
0.0009,
0.206,
0.0009,
0.206,
0.0009,
0.206,
0.0009,
0.206,
0.0009,
0.206,
0.2078,
0.206,
0.0009,
0.206,
0.0009,
0.206,
0.0009,
0.206,
0.1043,
0.206,
0.1043,
0.206,
0.2078,
0.206,
0.0009,
0.206,
0.0009,
0.206,
0.0009,
0.206,
0.0009,
0.206,
0.0009,
0.206,
0.0009,
0.206,
0.2078,
0.206,
0.0009,
0.206,
0.0009,
0.206,
0.0009,
0.206,
0.1043,
0.206,
0.1043,
0.206,
0.2078,
0.206,
0.0009,
0.206,
0.0009,
0.206,
0.0009,
0.206,
0.0009,
0.206,
0.0009,
0.206,
0.0009,
0.206,
0.2078,
0.206,
0.0009,
0.206,
0.0009,
0.206,
0.0009,
0.206,
0.1043,
0.206,
0.1043,
0.206,
0.2078,
0.206,
0.0009,
0.206,
0.0009,
0.206,
0.0009,
1.6543,
13.2422,
0.206,
0.0009,
0.206,
0.0009,
0.206,
0.0009,
0.206,
0.2078,
0.206,
0.0009,
0.206,
0.0009,
0.206,
0.0009,
0.206,
0.1043,
0.206,
0.1043,
0.206,
0.8284,
0.206,
0.0009,
0.206,
0.0009,
0.206,
0.0009,
0.206,
0.8284,
0.206,
0.1043,
0.206,
0.1043,
0.206,
0.8284,
0.206,
0.0009,
0.206,
0.0009,
0.206,
0.0009,
0.206,
0.2078,
0.206,
0.0009,
0.206,
0.0009,
0.206,
0.0009,
0.206,
0.1043,
0.206,
0.1043,
0.206,
0.8284,
0.206,
0.0009,
0.206,
0.0009,
0.206,
0.0009,
0.206,
0.8284,
0.206,
0.1043,
0.206,
0.1043,
0.206,
0.8284,
0.8267,
0.0009,
0.206,
0.0009,
0.206,
0.0009,
0.206,
0.0009,
0.206,
0.0009,
0.6198,
0.0009,
0.4129,
0.0009,
0.206,
0.0009,
0.206,
0.0009,
0.206,
0.0009,
0.6198,
0.0009,
0.206,
0.0009,
0.206,
0.0009,
0.206,
0.0009,
0.206,
0.0009,
0.206,
0.0009,
0.6198,
0.0009,
0.206,
0.0009,
0.4129,
0.0009,
0.206,
0.0009,
0.206,
0.0009,
0.8267,
0.0009,
0.206,
0.0009,
0.206,
0.0009,
0.206,
0.0009,
0.206,
0.0009,
0.6198,
0.0009,
0.4129,
0.0009,
0.206,
0.0009,
0.206,
0.0009,
0.206,
0.0009,
0.6198,
0.0009,
0.206,
0.0009,
0.206,
0.0009,
0.206,
0.0009,
0.206,
0.0009,
0.206,
0.0009,
0.6198,
0.0009,
0.206,
0.0009,
0.4129,
0.0009,
0.206,
0.0009,
0.206,
0.0009,
0.206,
0.0009,
0.206,
0.0009,
0.206,
0.0009,
0.206,
0.2078,
0.206,
0.0009,
0.206,
0.0009,
0.206,
0.0009,
0.206,
0.1043,
0.206,
0.1043,
0.206,
0.8284,
0.206,
0.0009,
0.206,
0.0009,
0.206,
0.0009,
0.206,
0.8284,
0.206,
0.1043,
0.206,
0.1043,
0.206,
0.8284,
0.206,
0.0009,
0.206,
0.0009,
0.206,
0.0009,
0.206,
0.2078,
0.206,
0.0009,
0.206,
0.0009,
0.206,
0.0009,
0.206,
0.1043,
0.206,
0.1043,
0.206,
0.8284,
0.206,
0.0009,
0.206,
0.0009,
0.206,
0.0009,
0.206,
0.8284,
0.206,
0.1043,
0.206,
0.1043,
0.206,
0.8284,
1.6543,
