0.5836,
0.0007,
0.0836,
0.0007,
0.224,
0.0007,
0.1117,
0.0007,
0.224,
0.0007,
0.1117,
0.0007,
0.1117,
0.1131,
0.1117,
0.0007,
0.1117,
0.1131,
0.1117,
0.2254,
0.1117,
0.0007,
0.1117,
0.1131,
0.1117,
0.0007,
0.5892,
0.0007,
0.0836,
0.0007,
0.224,
0.0007,
0.1117,
0.0007,
0.224,
0.0007,
0.1117,
0.0007,
0.2521,
0.0007,
0.0836,
0.0007,
0.1678,
0.1692,
0.1678,
0.422,
0.0836,
0.0007,
0.5892,
0.0007,
0.0836,
0.0007,
0.224,
0.0007,
0.1117,
0.0007,
0.224,
0.0007,
0.1117,
0.0007,
0.1117,
0.1131,
0.1117,
0.0007,
0.1117,
0.1131,
0.1117,
0.2254,
0.1117,
0.0007,
0.1117,
0.1131,
0.1117,
0.0007,
0.5892,
0.0007,
0.0836,
0.0007,
0.224,
0.0007,
0.1117,
0.0007,
0.224,
0.0007,
0.1117,
0.0007,
0.224,
0.0007,
0.1117,
0.0007,
0.224,
0.0007,
0.1117,
0.0007,
0.224,
0.0007,
0.1117,
0.0007,
0.224,
0.0007,
0.1117,
0.224,
0.0007,
0.1117,
0.0007,
0.224,
0.0007,
0.1117,
0.0007,
0.224,
0.0007,
0.1117,
0.0007,
0.224,
0.0007,
0.1117,
0.224,
0.0007,
0.1117,
0.0007,
0.224,
0.0007,
0.1117,
0.0007,
0.224,
0.0007,
0.1117,
0.0007,
0.224,
0.0007,
0.1117,
0.224,
0.0007,
0.1117,
0.0007,
0.224,
0.0007,
0.1117,
0.0007,
0.224,
0.0007,
0.1117,
0.0007,
0.224,
0.0007,
0.1117,
0.224,
0.0007,
0.1117,
0.0007,
0.224,
0.0007,
0.1117,
0.0007,
0.224,
0.0007,
0.1117,
0.0007,
0.224,
0.0007,
0.1117,
0.224,
0.0007,
0.1117,
0.0007,
0.224,
0.0007,
0.1117,
0.0007,
0.224,
0.0007,
0.1117,
0.0007,
0.224,
0.0007,
0.1117,
0.224,
0.0007,
0.1117,
0.0007,
0.224,
0.0007,
0.1117,
0.0007,
0.224,
0.0007,
0.1117,
0.0007,
0.224,
0.0007,
0.1117,
0.224,
0.0007,
0.1117,
0.0007,
0.224,
0.0007,
0.1117,
0.0007,
0.224,
0.0007,
0.1117,
0.0007,
0.224,
0.0007,
0.1117,
0.224,
0.0007,
0.1117,
0.0007,
0.224,
0.0007,
0.1117,
0.0007,
0.224,
0.0007,
0.1117,
0.0007,
0.224,
0.0007,
0.1117,
0.0007,
0.224,
0.0007,
0.1117,
0.0007,
0.224,
0.0007,
0.1117,
0.0007,
0.224,
0.0007,
0.1117,
0.0007,
0.224,
0.0007,
0.1117,
0.0007,
0.224,
0.0007,
0.1117,
0.0007,
0.224,
0.0007,
0.1117,
0.0007,
0.224,
0.0007,
0.1117,
0.0007,
0.224,
0.0007,
0.1117,
0.0007,
0.224,
0.0007,
0.1117,
0.0007,
0.224,
0.0007,
0.1117,
0.0007,
0.224,
0.0007,
0.1117,
0.0007,
0.224,
0.0007,
0.1117,
0.0007,
0.224,
0.0007,
0.1117,
0.0007,
0.224,
0.0007,
0.1117,
0.0007,
0.224,
0.0007,
0.1117,
0.0007,
0.224,
0.0007,
0.1117,
0.0007,
0.224,
0.0007,
0.1117,
0.0007,
0.224,
0.0007,
0.1117,
0.0007,
0.224,
0.0007,
0.1117,
0.0007,
0.224,
0.0007,
0.1117,
0.0007,
0.224,
0.0007,
0.1117,
0.0007,
0.224,
0.0007,
0.1117,
0.0007,
0.224,
0.0007,
0.1117,
0.0007,
0.224,
0.0007,
0.1117,
0.0007,
0.224,
0.0007,
0.1117,
0.0007,
0.224,
0.0007,
0.1117,
0.0007,
0.224,
0.0007,
0.1117,
0.0007,
0.224,
0.0007,
0.1117,
0.0007,
0.224,
0.0007,
0.1117,
0.0007,
0.224,
0.0007,
0.1117,
0.0007,
0.224,
0.0007,
0.1117,
0.0007,
0.224,
0.0007,
0.1117,
0.0007,
0.224,
0.0007,
0.1117,
0.0007,
0.224,
0.0007,
0.1117,
0.0007,
0.224,
0.0007,
0.1117,
0.2254,
0.1117,
0.0007,
0.224,
0.0007,
0.1117,
0.0007,
0.224,
0.1131,
0.224,
0.0007,
0.1117,
0.0007,
0.224,
0.0007,
0.1117,
0.0007,
0.224,
0.0007,
0.1117,
0.0007,
0.224,
0.0007,
0.1117,
0.0007,
0.224,
0.0007,
0.1117,
0.2254,
0.1117,
0.0007,
0.224,
0.0007,
0.1117,
0.0007,
0.224,
0.1131,
0.224,
0.0007,
0.1117,
0.0007,
0.224,
0.0007,
0.1117,
0.0007,
0.224,
0.0007,
0.1117,
0.0007,
0.224,
0.0007,
0.1117,
0.0007,
0.224,
0.0007,
0.1117,
0.2254,
0.1117,
0.0007,
0.224,
0.0007,
0.1117,
0.0007,
0.224,
0.1131,
0.224,
0.0007,
0.1117,
0.0007,
0.224,
0.0007,
0.1117,
0.0007,
0.224,
0.0007,
0.1117,
0.0007,
0.224,
0.0007,
0.1117,
0.0007,
0.224,
0.0007,
0.1117,
0.2254,
0.1117,
0.0007,
0.224,
0.0007,
0.1117,
0.0007,
0.224,
0.1131,
0.224,
0.0007,
0.1117,
0.0007,
0.224,
0.0007,
0.1117,
0.0007,
0.224,
0.0007,
0.1117,
0.0007,
0.224,
0.0007,
0.1117,
0.0007,
0.224,
0.0007,
0.1117,
0.2254,
0.1117,
0.0007,
0.224,
0.0007,
0.1117,
0.0007,
0.224,
0.1131,
0.224,
0.0007,
0.1117,
0.0007,
0.224,
0.0007,
0.1117,
0.0007,
0.224,
0.0007,
0.1117,
0.0007,
0.224,
0.0007,
0.1117,
0.0007,
0.224,
0.0007,
0.1117,
0.2254,
0.1117,
0.0007,
0.224,
0.0007,
0.1117,
0.0007,
0.224,
0.0007,
0.1117,
0.0007,
0.224,
0.0007,
0.1117,
0.0007,
0.224,
0.0007,
0.1117,
0.0007,
0.3364,
0.0007,
0.3364,
0.0007,
0.1678,
0.0007,
0.3364,
0.0007,
0.1678,
0.0007,
0.3364,
0.0007,
0.224,
0.0007,
0.1117,
0.0007,
0.1678,
0.0007,
0.3364,
0.0007,
0.1678,
0.0007,
0.3364,
0.0007,
0.224,
0.0007,
0.1117,
0.0007,
0.1678,
0.0007,
0.3364,
0.0007,
0.1678,
0.0007,
0.3364,
0.0007,
0.224,
0.0007,
0.1117,
0.0007,
0.1678,
0.0007,
0.3364,
0.0007,
0.1678,
0.0007,
0.3364,
0.0007,
0.3364,
0.0007,
0.1678,
0.0007,
0.3364,
0.0007,
0.1678,
0.0007,
0.3364,
0.0007,
0.224,
0.0007,
0.1117,
0.0007,
0.1678,
0.0007,
0.3364,
0.0007,
0.1678,
0.0007,
0.3364,
0.0007,
0.224,
0.0007,
0.1117,
0.0007,
0.1678,
0.0007,
0.3364,
0.0007,
0.1678,
0.0007,
0.3364,
0.0007,
0.224,
0.0007,
0.1117,
0.0007,
0.1678,
0.0007,
0.3364,
0.0007,
0.1678,
0.5049,
0.0007,
0.3364,
0.0007,
0.3364,
0.0007,
0.1678,
0.3364,
0.0007,
0.3364,
0.0007,
0.3364,
0.0007,
0.3364,
0.5049,
0.0007,
0.3364,
0.0007,
0.3364,
0.0007,
0.1678,
0.3364,
0.0007,
0.3364,
0.0007,
0.2521,
0.0007,
0.0836,
0.0007,
0.3364,
0.5049,
0.0007,
0.3364,
0.0007,
0.3364,
0.0007,
0.1678,
0.3364,
0.0007,
0.3364,
0.0007,
0.3364,
0.0007,
0.3364,
0.5049,
0.0007,
0.3364,
0.0007,
0.3364,
0.0007,
0.1678,
0.3364,
0.0007,
0.3364,
0.0007,
0.2521,
0.0007,
0.0836,
0.0007,
0.3364,
0.0007,
0.3364,
0.0007,
0.3364,
0.0007,
0.3364,
0.0007,
0.3364,
0.0007,
0.3364,
0.0007,
0.3364,
0.0007,
0.3364,
0.0007,
0.3364,
0.0007,
0.3364,
0.0007,
0.3364,
0.0007,
0.3364,
0.0007,
0.3364,
0.0007,
0.3364,
0.0007,
0.3364,
0.0007,
0.3364,
0.0007,
0.3364,
0.0007,
0.3364,
0.0007,
0.3364,
0.0007,
0.3364,
0.0007,
0.3364,
0.0007,
0.3364,
0.0007,
0.3364,
0.0007,
0.3364,
0.0007,
0.3364,
0.0007,
0.3364,
0.0007,
0.3364,
0.0007,
0.3364,
0.0007,
0.3364,
0.0007,
0.3364,
0.0007,
0.3364,
0.0007,
0.3364,
0.0007,
0.3364,
0.0007,
0.3364,
