76,
76,
72,
79,
72,
84,
77,
79,
76,
79,
76,
79,
72,
76,
76,
72,
79,
84,
79,
77,
76,
74,
72,
72,
76,
76,
72,
79,
72,
84,
77,
79,
76,
79,
76,
79,
72,
76,
76,
72,
79,
84,
86,
88,
89,
88,
84,
86,
84,
86,
88,
84,
84,
88,
88,
89,
89,
88,
88,
84,
84,
88,
88,
89,
89,
91,
91,
84,
84,
88,
88,
89,
89,
88,
88,
84,
84,
88,
88,
89,
89,
82,
83,
84,
84,
88,
88,
89,
89,
88,
88,
84,
84,
88,
88,
89,
89,
91,
91,
84,
84,
88,
88,
89,
89,
88,
88,
84,
84,
88,
88,
89,
89,
82,
83,
84,
84,
88,
88,
89,
89,
88,
88,
84,
84,
88,
88,
89,
89,
91,
91,
84,
84,
88,
88,
89,
89,
88,
88,
84,
84,
88,
88,
89,
89,
91,
91,
96,
96,
94,
94,
93,
93,
91,
91,
89,
88,
89,
88,
89,
88,
86,
79,
84,
84,
88,
88,
89,
89,
91,
91,
89,
88,
89,
88,
89,
88,
86,
84,
72,
76,
77,
76,
77,
79,
84,
79,
77,
76,
77,
76,
72,
76,
72,
76,
77,
76,
77,
79,
84,
79,
77,
76,
77,
76,
77,
79,
72,
76,
77,
76,
77,
79,
84,
79,
77,
76,
77,
76,
72,
76,
72,
76,
77,
76,
77,
79,
84,
79,
77,
76,
77,
76,
77,
79,
72,
76,
77,
76,
77,
79,
84,
79,
77,
76,
77,
76,
72,
76,
72,
76,
77,
76,
77,
79,
84,
88,
89,
88,
84,
86,
84,
86,
88,
84,
60,
60,
60,
60,
64,
64,
65,
64,
64,
64,
65,
65,
67,
65,
65,
65,
67,
67,
72,
71,
67,
67,
84,
60,
60,
60,
60,
64,
64,
65,
64,
64,
64,
65,
65,
67,
65,
65,
65,
67,
67,
72,
71,
67,
67,
84,
77,
79,
84,
84,
89,
88,
86,
84,
77,
79,
84,
84,
89,
88,
89,
91,
84,
77,
79,
84,
84,
89,
88,
86,
84,
77,
79,
84,
84,
89,
88,
89,
91,
84,
77,
76,
74,
72,
77,
76,
74,
72,
77,
76,
74,
79,
77,
76,
71,
84,
77,
76,
74,
72,
77,
76,
74,
72,
77,
76,
74,
79,
77,
76,
71,
72,
