0.45,
0.05,
0.15,
0.0167,
0.45,
0.05,
0.15,
0.0167,
0.45,
0.05,
0.15,
0.0167,
0.45,
0.05,
0.15,
0.0167,
0.45,
0.05,
0.15,
0.0167,
0.45,
0.05,
0.15,
0.0167,
0.9,
0.4333,
0.45,
0.05,
0.15,
0.0167,
0.45,
0.05,
0.15,
0.0167,
0.45,
0.05,
0.15,
0.0167,
0.45,
0.05,
0.15,
0.0167,
0.45,
0.05,
0.075,
0.0917,
0.45,
0.05,
0.075,
0.0917,
0.9,
0.4333,
0.45,
0.05,
0.15,
0.0167,
0.45,
0.05,
0.15,
0.0167,
0.45,
0.05,
0.075,
0.0917,
0.45,
0.05,
0.075,
0.0917,
0.45,
0.05,
0.15,
0.0167,
0.45,
0.05,
0.15,
0.0167,
0.9,
0.1,
0.3,
0.0333,
0.45,
0.05,
0.075,
0.0917,
0.45,
0.05,
0.075,
0.0917,
0.45,
0.05,
0.075,
0.0917,
0.45,
0.05,
0.075,
0.0917,
0.45,
0.05,
0.15,
0.0167,
0.45,
0.05,
0.15,
0.0167,
0.9,
