62,
69,
72,
74,
57,
57,
64,
67,
69,
62,
62,
69,
72,
74,
67,
67,
74,
77,
79,
62,
69,
72,
74,
57,
57,
64,
67,
69,
62,
62,
69,
72,
74,
67,
67,
74,
77,
79,
62,
69,
72,
74,
57,
57,
64,
67,
69,
62,
62,
69,
72,
74,
67,
67,
74,
77,
79,
62,
69,
72,
74,
57,
57,
64,
67,
69,
81,
76,
69,
62,
62,
69,
72,
74,
67,
67,
74,
77,
79,
62,
69,
72,
74,
57,
57,
64,
67,
69,
81,
76,
69,
62,
62,
65,
65,
67,
67,
69,
69,
72,
73,
86,
93,
96,
93,
89,
91,
93,
88,
86,
81,
79,
86,
79,
86,
89,
79,
81,
84,
86,
93,
96,
93,
91,
93,
96,
98,
105,
110,
105,
101,
98,
93,
89,
86,
81,
86,
86,
84,
84,
84,
84,
83,
91,
91,
86,
86,
79,
79,
83,
77,
79,
79,
86,
86,
84,
84,
84,
84,
89,
91,
91,
86,
86,
79,
79,
91,
89,
91,
91,
86,
89,
91,
91,
86,
74,
74,
91,
91,
86,
86,
79,
79,
77,
77,
79,
79,
86,
86,
84,
84,
84,
84,
89,
91,
91,
86,
86,
79,
79,
91,
89,
91,
91,
86,
89,
91,
91,
86,
62,
69,
72,
74,
57,
57,
64,
67,
69,
62,
62,
69,
72,
74,
67,
67,
74,
77,
79,
62,
69,
72,
74,
57,
57,
64,
67,
69,
62,
62,
69,
72,
74,
67,
67,
74,
77,
79,
74,
81,
84,
86,
69,
69,
76,
79,
81,
81,
76,
69,
74,
74,
81,
84,
86,
79,
79,
86,
89,
91,
74,
81,
84,
86,
69,
69,
76,
79,
81,
81,
76,
69,
74,
74,
77,
77,
79,
79,
81,
81,
84,
85,
86,
