0.5452,
0.0008,
0.1833,
0.0008,
0.3673,
0.0008,
0.1833,
0.0008,
0.3673,
0.0008,
0.3673,
0.0008,
0.1833,
0.0008,
0.3673,
0.0008,
0.3673,
0.0008,
0.3673,
0.0008,
0.1833,
0.0008,
0.1833,
0.0008,
0.3673,
0.0008,
0.1833,
0.0008,
0.3673,
0.0008,
0.3673,
0.0008,
0.1833,
0.0008,
0.3673,
0.0008,
0.3673,
0.0008,
0.5514,
0.0008,
0.1833,
0.0008,
0.3673,
0.0008,
0.1833,
0.0008,
0.3673,
0.0008,
0.3673,
0.0008,
0.1833,
0.0008,
0.3673,
0.0008,
0.3673,
0.0008,
0.3673,
0.0008,
0.1833,
0.0008,
0.1833,
0.0008,
0.3673,
0.0008,
0.1833,
0.0008,
0.3673,
0.0008,
0.3673,
0.0008,
0.1833,
0.0008,
0.3673,
0.0008,
0.3673,
0.0008,
0.5514,
0.0008,
0.1833,
0.0008,
0.3673,
0.0008,
0.1833,
0.0008,
0.3673,
0.0008,
0.3673,
0.0008,
0.1833,
0.0008,
0.3673,
0.0008,
0.3673,
0.0008,
0.3673,
0.0008,
0.1833,
0.0008,
0.1833,
0.0008,
0.3673,
0.0008,
0.1833,
0.0008,
0.3673,
0.0008,
0.3673,
0.0008,
0.1833,
0.0008,
0.3673,
0.0008,
0.3673,
0.0008,
0.5514,
0.0008,
0.1833,
0.0008,
0.3673,
0.0008,
0.1833,
0.0008,
0.3673,
0.0008,
0.3673,
0.0008,
0.1833,
0.0008,
0.3673,
0.0008,
0.1833,
0.0008,
0.0452,
0.0008,
0.0452,
0.0008,
0.0913,
0.0008,
0.3673,
0.0008,
0.1833,
0.0008,
0.1833,
0.0008,
0.3673,
0.0008,
0.1833,
0.0008,
0.3673,
0.0008,
0.3673,
0.0008,
0.1833,
0.0008,
0.3673,
0.0008,
0.3673,
0.0008,
0.5514,
0.0008,
0.1833,
0.0008,
0.3673,
0.0008,
0.1833,
0.0008,
0.3673,
0.0008,
0.3673,
0.0008,
0.1833,
0.0008,
0.3673,
0.0008,
0.1833,
0.0008,
0.0452,
0.0008,
0.0452,
0.0008,
0.0913,
0.0008,
0.1833,
0.0008,
0.3673,
0.0008,
0.1833,
0.0008,
0.3673,
0.0008,
0.1833,
0.0008,
0.3673,
0.0008,
0.1833,
0.0008,
0.3673,
0.0008,
0.3673,
0.0008,
0.3673,
0.5514,
0.0008,
0.3673,
0.0008,
0.1833,
0.0008,
0.1833,
0.0008,
0.1833,
0.3673,
0.0008,
0.3673,
0.0008,
0.3673,
0.0008,
0.3673,
1.4716,
0.1833,
0.0008,
0.3673,
0.0008,
0.1833,
0.0008,
0.3673,
0.0008,
0.3673,
0.046,
0.046,
0.046,
0.4133,
0.0008,
0.0452,
0.046,
0.046,
0.2301,
0.0008,
0.1833,
0.0008,
0.3673,
0.3673,
0.0008,
0.3673,
0.0008,
0.3673,
0.0008,
0.3673,
0.0008,
1.4716,
0.7362,
0.0913,
0.0008,
0.0913,
0.0008,
0.0913,
0.0008,
0.0913,
0.0008,
0.0913,
0.0008,
0.0913,
0.0008,
0.0913,
0.0008,
0.0913,
0.3681,
0.1833,
0.1848,
0.1833,
0.0008,
0.1833,
0.1848,
0.1833,
0.184,
0.1833,
0.1848,
0.1833,
0.1848,
0.1833,
0.1848,
0.1833,
0.0008,
0.1833,
0.0008,
0.1833,
0.0008,
0.1833,
0.0008,
0.1833,
0.0008,
0.1833,
0.0008,
0.1833,
0.1833,
0.0008,
0.1833,
0.0008,
0.3673,
0.3681,
0.1833,
0.1848,
0.1833,
0.0008,
0.1833,
0.1848,
0.1833,
0.184,
0.1833,
0.1848,
0.1833,
0.1848,
0.1833,
0.1848,
0.184,
0.1833,
0.0008,
0.1833,
0.0008,
0.1833,
0.0008,
0.1833,
0.0008,
0.1833,
0.0008,
0.1833,
0.0008,
0.1833,
0.1833,
0.0008,
0.1833,
0.0008,
0.1833,
0.0008,
0.1833,
0.0008,
0.1833,
0.0008,
0.1833,
0.0008,
0.1833,
0.0008,
0.1833,
0.3689,
0.3673,
0.0008,
0.3673,
0.184,
0.1833,
0.0008,
0.1833,
0.0008,
0.1833,
0.0008,
0.1833,
0.0008,
0.1833,
0.0008,
0.1833,
0.0008,
0.1833,
0.1833,
0.0008,
0.1833,
0.0008,
0.3673,
0.3681,
0.1833,
0.1848,
0.1833,
0.0008,
0.1833,
0.1848,
0.1833,
0.184,
0.1833,
0.1848,
0.1833,
0.1848,
0.1833,
0.1848,
0.184,
0.1833,
0.0008,
0.1833,
0.0008,
0.1833,
0.0008,
0.1833,
0.0008,
0.1833,
0.0008,
0.1833,
0.0008,
0.1833,
0.1833,
0.0008,
0.1833,
0.0008,
0.1833,
0.0008,
0.1833,
0.0008,
0.1833,
0.0008,
0.1833,
0.0008,
0.1833,
0.0008,
0.1833,
0.0008,
0.5514,
0.0008,
0.1833,
0.0008,
0.3673,
0.0008,
0.1833,
0.0008,
0.3673,
0.0008,
0.3673,
0.0008,
0.1833,
0.0008,
0.3673,
0.0008,
0.3673,
0.0008,
0.3673,
0.0008,
0.1833,
0.0008,
0.1833,
0.0008,
0.3673,
0.0008,
0.1833,
0.0008,
0.3673,
0.0008,
0.3673,
0.0008,
0.1833,
0.0008,
0.3673,
0.0008,
0.3673,
0.0008,
0.5514,
0.0008,
0.1833,
0.0008,
0.3673,
0.0008,
0.1833,
0.0008,
0.3673,
0.0008,
0.3673,
0.0008,
0.1833,
0.0008,
0.3673,
0.0008,
0.3673,
0.0008,
0.3673,
0.0008,
0.1833,
0.0008,
0.1833,
0.0008,
0.3673,
0.0008,
0.1833,
0.0008,
0.3673,
0.0008,
0.3673,
0.0008,
0.1833,
0.0008,
0.3673,
0.0008,
0.3673,
0.0008,
0.5514,
0.0008,
0.1833,
0.0008,
0.3673,
0.0008,
0.1833,
0.0008,
0.3673,
0.0008,
0.3673,
0.0008,
0.1833,
0.0008,
0.3673,
0.0008,
0.1833,
0.0008,
0.0452,
0.0008,
0.0452,
0.0008,
0.0913,
0.0008,
0.3673,
0.0008,
0.1833,
0.0008,
0.1833,
0.0008,
0.3673,
0.0008,
0.1833,
0.0008,
0.3673,
0.0008,
0.3673,
0.0008,
0.1833,
0.0008,
0.3673,
0.0008,
0.3673,
0.0008,
0.5514,
0.0008,
0.1833,
0.0008,
0.3673,
0.0008,
0.1833,
0.0008,
0.3673,
0.0008,
0.3673,
0.0008,
0.1833,
0.0008,
0.3673,
0.0008,
0.1833,
0.0008,
0.0452,
0.0008,
0.0452,
0.0008,
0.0913,
0.0008,
0.1833,
0.0008,
0.3673,
0.0008,
0.1833,
0.0008,
0.3673,
0.0008,
0.1833,
0.0008,
0.3673,
0.0008,
0.1833,
0.0008,
0.3673,
0.0008,
0.3673,
0.0008,
0.3673,
0.0008,
1.4716,
