0.6837,
0.001,
0.4606,
0.001,
0.2298,
0.0,
0.4606,
0.001,
0.4606,
0.001,
0.2298,
0.001,
0.2298,
0.0,
0.6913,
0.001,
0.4606,
0.001,
0.2298,
0.0,
0.4606,
0.001,
0.4606,
0.001,
0.2298,
0.001,
0.2298,
0.0,
0.6913,
0.001,
0.4606,
0.001,
0.2298,
0.0,
0.4606,
0.001,
0.4606,
0.001,
0.2298,
0.001,
0.2298,
0.0,
0.6913,
0.001,
0.4606,
0.001,
0.2298,
0.0,
0.4606,
0.001,
0.4606,
0.001,
0.2298,
0.001,
0.2298,
0.001,
0.6913,
0.001,
0.4606,
0.001,
0.2298,
0.001,
0.4606,
0.001,
0.4606,
0.001,
0.2298,
0.001,
0.2298,
0.001,
0.6913,
0.001,
0.4606,
0.001,
0.2298,
0.001,
0.2298,
0.001,
0.2298,
0.001,
0.4606,
0.001,
0.2298,
0.001,
0.2298,
0.001,
0.6913,
0.001,
0.4606,
0.001,
0.2298,
0.001,
0.2298,
0.001,
0.2298,
0.001,
0.4606,
0.001,
0.2298,
0.001,
0.2298,
0.001,
0.6913,
0.001,
0.4606,
0.001,
0.2298,
0.001,
0.4606,
0.001,
0.4606,
0.2317,
0.2298,
0.001,
0.6913,
0.001,
0.4606,
0.001,
0.2298,
0.001,
0.4606,
0.001,
0.4606,
0.001,
0.2298,
0.001,
0.2298,
0.001,
0.6913,
0.001,
0.4606,
0.001,
0.2298,
0.001,
0.2298,
0.001,
0.2298,
0.001,
0.4606,
0.001,
0.2298,
0.001,
0.2298,
0.001,
0.6913,
0.001,
0.4606,
0.001,
0.2298,
0.001,
0.2298,
0.001,
0.2298,
0.001,
0.4606,
0.001,
0.2298,
0.001,
0.2298,
0.001,
0.6913,
0.001,
0.4606,
0.001,
0.2298,
0.001,
0.4606,
0.001,
0.4606,
0.2317,
0.2298,
0.6163,
0.1529,
0.001,
0.1529,
0.001,
0.1529,
0.1548,
0.1529,
0.1548,
0.1529,
0.001,
0.1529,
0.6163,
0.1529,
0.001,
0.1529,
0.001,
0.1529,
0.1548,
0.1529,
0.1548,
0.1529,
0.001,
0.1529,
0.6163,
0.1529,
0.001,
0.1529,
0.001,
0.1529,
0.1548,
0.1529,
0.1548,
0.1529,
0.001,
0.1529,
0.6163,
0.1529,
0.001,
0.1529,
0.001,
0.1529,
0.1548,
0.1529,
0.001,
0.1529,
0.001,
0.1529,
0.001,
0.1529,
0.6163,
0.1529,
0.001,
0.1529,
0.001,
0.1529,
0.1548,
0.1529,
0.1548,
0.1529,
0.001,
0.1529,
0.6163,
0.1529,
0.001,
0.1529,
0.001,
0.1529,
0.1548,
0.1529,
0.1548,
0.1529,
0.001,
0.1529,
0.6163,
0.1529,
0.001,
0.1529,
0.001,
0.1529,
0.1548,
0.1529,
0.1548,
0.1529,
0.001,
0.1529,
0.6163,
0.1529,
0.001,
0.1529,
0.001,
0.1529,
0.1548,
0.1529,
0.001,
0.1529,
0.001,
0.1529,
0.001,
0.1529,
0.6163,
0.1529,
0.001,
0.1529,
0.001,
0.1529,
0.1548,
0.1529,
0.1548,
0.1529,
0.001,
0.1529,
0.6163,
0.1529,
0.001,
0.1529,
0.001,
0.1529,
0.1548,
0.1529,
0.1548,
0.1529,
0.001,
0.1529,
0.6163,
0.1529,
0.001,
0.1529,
0.001,
0.1529,
0.1548,
0.1529,
0.1548,
0.1529,
0.001,
0.1529,
0.6163,
0.1529,
0.001,
0.1529,
0.001,
0.1529,
0.1548,
0.1529,
0.001,
0.1529,
0.001,
0.1529,
0.001,
0.1529,
0.6163,
0.1529,
0.001,
0.1529,
0.001,
0.1529,
0.1548,
0.1529,
0.1548,
0.1529,
0.001,
0.1529,
0.6163,
0.1529,
0.001,
0.1529,
0.001,
0.1529,
0.1548,
0.1529,
0.1548,
0.1529,
0.001,
0.1529,
0.6163,
0.1529,
0.001,
0.1529,
0.001,
0.1529,
0.1548,
0.1529,
0.1548,
0.1529,
0.001,
0.1529,
0.6163,
0.1529,
0.001,
0.1529,
0.001,
0.1529,
0.1548,
0.1529,
0.001,
0.1529,
0.001,
0.1529,
0.001,
0.1529,
0.3462,
0.4606,
0.001,
0.4606,
0.001,
0.4606,
0.001,
0.3067,
0.001,
0.1529,
0.001,
0.3067,
0.001,
0.1529,
0.001,
0.1529,
0.001,
0.1529,
0.001,
0.1529,
0.001,
0.3067,
0.001,
0.1529,
0.001,
0.4606,
0.001,
0.4606,
0.4625,
0.1529,
0.001,
0.1529,
0.001,
0.1529,
0.001,
0.3067,
0.001,
0.1529,
0.001,
0.3067,
0.001,
0.1529,
0.001,
0.1529,
0.001,
0.1529,
0.001,
0.1529,
0.001,
0.3067,
0.001,
0.1529,
0.001,
0.4606,
0.001,
0.4606,
0.3087,
0.1529,
0.001,
0.4606,
0.001,
0.3067,
0.001,
0.1529,
0.001,
0.3067,
0.001,
0.1529,
0.001,
0.1529,
0.001,
0.1529,
0.001,
0.1529,
0.001,
0.3067,
0.001,
0.1529,
0.001,
0.4606,
0.001,
0.4606,
0.4625,
0.1529,
0.001,
0.1529,
0.001,
0.1529,
0.001,
0.3067,
0.001,
0.1529,
0.001,
0.3067,
0.001,
0.1529,
0.001,
0.1529,
0.001,
0.1529,
0.001,
0.1529,
0.001,
0.3067,
0.001,
0.1529,
0.001,
0.3067,
0.001,
0.1529,
0.001,
0.1529,
0.001,
0.1529,
0.001,
0.1529,
0.924,
0.3067,
0.001,
0.1529,
0.001,
0.3067,
0.001,
0.1529,
0.001,
0.1529,
0.001,
0.1529,
0.001,
0.1529,
0.001,
0.3067,
0.001,
0.1529,
0.001,
0.4606,
0.001,
0.4606,
0.4625,
0.1529,
0.001,
0.1529,
0.001,
0.1529,
0.001,
0.3067,
0.001,
0.1529,
0.001,
0.3067,
0.001,
0.1529,
0.001,
0.1529,
0.001,
0.1529,
0.001,
0.1529,
0.001,
0.3067,
0.001,
0.1529,
0.001,
0.4606,
0.001,
0.4606,
0.3087,
0.1529,
0.001,
0.4606,
0.001,
0.3067,
0.001,
0.1529,
0.001,
0.3067,
0.001,
0.1529,
0.001,
0.1529,
0.001,
0.1529,
0.001,
0.1529,
0.001,
0.3067,
0.001,
0.1529,
0.001,
0.4606,
0.001,
0.4606,
0.4625,
0.1529,
0.001,
0.1529,
0.001,
0.1529,
0.001,
0.3067,
0.001,
0.1529,
0.001,
0.3067,
0.001,
0.1529,
0.001,
0.1529,
0.001,
0.1529,
0.001,
0.1529,
0.001,
0.3067,
0.001,
0.1529,
0.001,
0.3067,
0.001,
0.1529,
0.001,
0.1529,
0.001,
0.1529,
0.001,
0.1529,
0.001,
0.1529,
0.001,
0.1529,
0.001,
0.1529,
0.001,
0.4606,
