73,
73,
73,
76,
73,
73,
75,
76,
73,
73,
75,
73,
73,
71,
73,
73,
73,
76,
73,
73,
75,
71,
68,
68,
78,
76,
66,
75,
73,
73,
73,
76,
73,
73,
75,
73,
73,
73,
78,
66,
73,
73,
75,
73,
73,
73,
78,
66,
73,
73,
75,
71,
68,
68,
81,
80,
78,
73,
73,
73,
76,
73,
73,
75,
73,
73,
73,
78,
66,
73,
73,
75,
73,
73,
73,
78,
66,
73,
73,
75,
71,
68,
68,
81,
80,
78,
73,
85,
73,
73,
85,
97,
73,
85,
73,
73,
85,
97,
73,
85,
73,
73,
85,
97,
73,
85,
80,
78,
85,
85,
97,
73,
85,
73,
73,
85,
97,
73,
85,
73,
73,
85,
97,
73,
85,
73,
73,
85,
97,
73,
85,
80,
78,
85,
85,
97,
73,
85,
73,
73,
85,
97,
73,
85,
73,
73,
85,
97,
73,
85,
73,
73,
85,
97,
73,
85,
80,
78,
85,
85,
97,
73,
85,
73,
73,
85,
97,
73,
85,
73,
73,
85,
97,
73,
85,
73,
73,
85,
97,
73,
85,
80,
78,
85,
85,
97,
73,
73,
73,
85,
73,
73,
76,
76,
85,
73,
80,
73,
76,
73,
78,
73,
76,
73,
73,
73,
76,
76,
85,
73,
80,
73,
76,
73,
73,
85,
85,
73,
73,
76,
76,
85,
73,
80,
73,
76,
73,
78,
73,
76,
73,
73,
73,
76,
76,
85,
73,
80,
73,
81,
81,
80,
76,
73,
85,
73,
73,
76,
76,
85,
73,
80,
73,
76,
73,
78,
73,
76,
85,
73,
73,
76,
76,
85,
73,
80,
73,
76,
73,
73,
85,
85,
73,
73,
76,
76,
85,
73,
80,
73,
76,
73,
78,
73,
76,
85,
73,
73,
76,
76,
85,
73,
80,
73,
81,
81,
80,
76,
73,
76,
73,
71,
85,
