0.3529,
0.0,
0.1765,
0.0,
0.1765,
0.0,
0.1765,
0.0,
0.1765,
0.0,
0.3529,
0.0,
0.1765,
0.0,
0.1765,
0.0,
0.1765,
0.0,
0.1765,
0.0,
0.1765,
0.0,
0.1765,
0.0,
0.1765,
0.0,
0.1765,
0.0,
0.1765,
0.0,
0.1765,
0.0,
0.1765,
0.0,
0.1765,
0.0,
0.1765,
0.0,
0.1765,
0.011,
0.011,
0.0,
0.3309,
0.0,
0.0956,
0.0,
0.0956,
0.0,
0.0735,
0.0,
0.0735,
0.0,
0.0147,
0.0,
0.0588,
0.0,
0.0735,
0.0,
0.0735,
0.0,
0.0735,
0.0,
0.0735,
0.0,
0.1,
0.0,
0.1,
0.0,
0.1,
0.0,
0.1,
0.0,
0.2,
0.0,
0.2,
0.0,
0.2,
0.0,
0.2,
0.0,
0.2,
0.0,
0.25,
0.0,
1.5,
