69,
69,
69,
69,
69,
65,
64,
62,
62,
62,
62,
64,
74,
71,
71,
71,
69,
71,
76,
72,
69,
69,
69,
71,
67,
67,
69,
69,
69,
69,
69,
65,
64,
62,
62,
62,
62,
64,
74,
71,
71,
71,
69,
71,
76,
72,
69,
69,
69,
71,
67,
67,
69,
69,
69,
69,
69,
65,
64,
62,
62,
62,
62,
64,
74,
71,
71,
71,
69,
71,
76,
72,
69,
69,
69,
71,
67,
67,
69,
69,
69,
69,
69,
69,
69,
69,
69,
69,
69,
69,
69,
69,
69,
69,
69,
69,
69,
69,
69,
69,
69,
69,
69,
69,
69,
69,
69,
69,
69,
69,
57,
53,
52,
53,
57,
59,
60,
57,
53,
52,
57,
59,
55,
57,
53,
52,
53,
57,
59,
60,
57,
53,
52,
57,
59,
55,
57,
53,
52,
53,
57,
59,
60,
57,
53,
52,
57,
59,
55,
57,
53,
52,
53,
57,
59,
60,
57,
53,
52,
57,
59,
55,
57,
53,
52,
53,
57,
62,
57,
53,
52,
57,
59,
55,
57,
53,
52,
53,
57,
62,
57,
53,
52,
57,
59,
55,
57,
53,
52,
53,
57,
62,
57,
53,
52,
57,
57,
59,
55,
