0.1721,
0.174,
0.2183,
0.1279,
0.2183,
0.0125,
0.2183,
0.0125,
0.2183,
0.0125,
0.2183,
0.0125,
0.2183,
0.0125,
0.1721,
0.174,
0.2183,
0.1279,
0.2183,
0.2433,
0.2183,
0.0125,
0.2183,
0.0125,
0.2183,
0.0125,
0.1721,
0.174,
0.2183,
0.1279,
0.2183,
0.0125,
0.2183,
0.0125,
0.2183,
0.0125,
0.2183,
0.0125,
0.2183,
0.0125,
0.1721,
0.174,
0.2183,
0.1279,
0.2183,
0.0125,
0.1721,
0.174,
0.2183,
0.1279,
0.2183,
0.0125,
0.1721,
0.174,
0.2183,
0.1279,
0.2183,
0.0125,
0.2183,
0.0125,
0.2183,
0.0125,
0.2183,
0.0125,
0.2183,
0.0125,
0.1721,
0.174,
0.2183,
0.1279,
0.2183,
0.2433,
0.2183,
0.0125,
0.2183,
0.0125,
0.2183,
0.0125,
0.1721,
0.174,
0.2183,
0.1279,
0.2183,
0.0125,
0.2183,
0.0125,
0.2183,
0.0125,
0.2183,
0.0125,
0.2183,
0.0125,
0.1721,
0.174,
0.2183,
0.1279,
0.2183,
0.0125,
0.1721,
0.174,
0.2183,
0.1279,
0.2183,
0.0125,
0.1721,
0.174,
0.2183,
0.1279,
0.2183,
0.0125,
0.2183,
0.0125,
0.2183,
0.0125,
0.2183,
0.0125,
0.2183,
0.0125,
0.1721,
0.174,
0.2183,
0.1279,
0.2183,
0.2433,
0.2183,
0.0125,
0.2183,
0.0125,
0.2183,
0.0125,
0.1721,
0.174,
0.2183,
0.1279,
0.2183,
0.0125,
0.2183,
0.0125,
0.2183,
0.0125,
0.2183,
0.0125,
0.2183,
0.0125,
0.1721,
0.174,
0.2183,
0.1279,
0.2183,
0.0125,
0.1721,
0.174,
0.2183,
0.1279,
0.2183,
0.0125,
0.1721,
0.174,
0.2183,
0.1279,
0.2183,
0.0125,
0.1721,
0.174,
0.2183,
0.1279,
0.2183,
0.0125,
0.1721,
0.174,
0.2183,
0.1279,
0.2183,
0.0125,
0.1721,
0.174,
0.2183,
0.1279,
0.2183,
0.0125,
0.2183,
0.0125,
0.2183,
0.0125,
0.2183,
0.0125,
0.2183,
0.0125,
0.2183,
0.0125,
0.2183,
0.0125,
0.2183,
0.0125,
0.2183,
0.0125,
0.2183,
0.0125,
0.2183,
0.0125,
0.2183,
0.0125,
0.2183,
0.0125,
0.1087,
0.0067,
0.1087,
0.0067,
0.1087,
0.0067,
0.1087,
0.0067,
0.1087,
0.0067,
0.1087,
0.0067,
0.1087,
0.0067,
0.1087,
0.0067,
0.4375,
0.024,
0.4375,
0.024,
0.876,
0.0471,
0.876,
0.0471,
0.4375,
0.2548,
0.1087,
0.0067,
0.1087,
0.0067,
0.4375,
0.024,
0.4375,
0.024,
0.876,
0.0471,
0.876,
0.0471,
0.4375,
0.024,
0.4375,
0.024,
0.4375,
0.024,
0.4375,
0.024,
0.876,
0.0471,
0.876,
0.0471,
0.4375,
0.2548,
0.1087,
0.0067,
0.1087,
0.0067,
0.4375,
0.024,
0.4375,
0.024,
0.876,
0.0471,
0.876,
0.0471,
0.4375,
0.024,
0.4375,
0.024,
0.4375,
0.024,
0.4375,
0.024,
0.876,
0.0471,
0.876,
0.0471,
0.4375,
0.2548,
0.1087,
0.0067,
0.1087,
0.0067,
0.4375,
0.024,
0.4375,
0.024,
0.876,
0.0471,
0.876,
0.0471,
0.4375,
0.024,
0.4375,
0.024,
0.4375,
0.024,
0.4375,
0.024,
0.876,
0.0471,
0.876,
0.0471,
0.4375,
0.2548,
0.1087,
0.0067,
0.1087,
0.0067,
0.4375,
0.024,
0.4375,
0.024,
0.876,
0.0471,
0.876,
0.0471,
0.4375,
0.024,
0.4375,
0.024,
0.4375,
0.024,
0.4375,
0.024,
0.876,
0.0471,
0.876,
0.0471,
0.6567,
0.0356,
0.2183,
0.0125,
0.4375,
0.024,
0.4375,
0.024,
0.876,
0.0471,
0.876,
0.0471,
0.4375,
0.024,
0.4375,
0.024,
0.4375,
0.024,
0.4375,
0.024,
0.876,
0.0471,
0.876,
0.0471,
0.6567,
0.0356,
0.2183,
0.0125,
0.4375,
0.024,
0.4375,
0.024,
0.876,
0.0471,
0.876,
0.0471,
0.4375,
0.024,
0.4375,
0.024,
0.4375,
0.024,
0.4375,
0.024,
0.876,
0.0471,
0.876,
0.0471,
0.6567,
0.0356,
0.2183,
0.0125,
0.4375,
0.024,
0.4375,
0.024,
0.876,
0.0471,
0.4375,
0.024,
0.4375,
0.024,
0.4375,
0.024,
0.4375,
